image_width: 640
image_height: 360
camera_name: narrow_stereo
camera_matrix:
  rows: 3
  cols: 3
  data: [549.319347, 0.000000, 314.207818, 0.000000, 518.550360, 200.715854, 0.000000, 0.000000, 1.000000]
distortion_model: plumb_bob
distortion_coefficients:
  rows: 1
  cols: 5
  data: [-0.475937, 0.231276, -0.004136, 0.003513, 0.000000]
rectification_matrix:
  rows: 3
  cols: 3
  data: [1.000000, 0.000000, 0.000000, 0.000000, 1.000000, 0.000000, 0.000000, 0.000000, 1.000000]
projection_matrix:
  rows: 3
  cols: 4
  data: [449.657990, 0.000000, 315.896524, 0.000000, 0.000000, 486.378082, 202.511200, 0.000000, 0.000000, 0.000000, 1.000000, 0.000000]
